122476
18782
129806
271524
6625
24687
987392
25247
923124
253329
309624
118692
1151298
8705
108585
16082
914501
154955
512478
523421
1349540
1029762
1218761
188336
813503
384006
129370
594942
1730915
1923696
153919
449136
4766
136507
22116
87663
1969574
155267
930435
396956
1415365
245175
16647
25627
1438181
11400
99467
157002
6520
1130428
1643350
82790
1160883
158635
1989747
12567
829619
18565
40507
96342
438170
456315
1296240
407556
784225
1616140
6278
1170580
166828
6562
29002
60722
6927
74199
5729
1254545
1054338
682122
264102
6303
35991
814882
19791
129857
7076
1594207
121208
538658
287474
133105
858168
1049415
858682
1002899
1866883
1110595
19698
1601066
945149
1950662
